1.30136e-06
3.51332e-07
1.13047e-07
6.32145e-06
1.25072e-06
-1.92749e-07
-3.96518e-08
1.21447e-05
5.10748e-07
4.0849e-09
1.15958e-07
3.33261e-07
1.1927e-07
-2.07704e-08
5.40603e-07
-6.37381e-06
4.13484e-06
-2.95128e-05
-1.71041e-06
4.41745e-06
1.23193e-05
-1.13681e-05
-7.75553e-06
-2.60701e-07
1.5906e-05
-1.93921e-05
-1.69142e-05
-7.54816e-06
4.33939e-07
1.97892e-06
-2.73054e-07
-9.58063e-06
-2.15911e-05
1.65454e-05
-8.51767e-06
-1.19466e-05
-9.52494e-06
2.57586e-05
-9.28282e-06
9.20543e-06
-1.10101e-05
2.64817e-05
